99 2 3 1 3 3 1 4 3 3 4 3 3 1 1 3 3 2 3 3 3 2 2 3 2 3 2 2 2 3 2 5 6 5 5 5 6 6 6 5 6 5 5 5 5 6 9 9 9 9 9 9 10 13 13 13 13 13 14 13 13 18 
2 99 1 1 2 2 2 3 3 2 2 2 3 2 3 3 2 2 2 3 2 1 2 2 3 1 2 1 2 2 2 5 6 5 4 5 5 5 5 5 4 6 5 5 5 4 8 8 9 9 8 9 8 12 12 12 12 12 13 12 12 17 
3 1 99 2 3 1 3 3 2 3 1 1 2 2 3 2 2 3 2 4 1 2 3 3 2 2 3 1 3 2 2 6 6 5 5 4 5 5 5 5 5 5 5 4 5 4 8 8 9 9 8 8 8 12 12 12 12 12 13 12 12 17 
1 1 2 99 2 2 2 3 2 2 3 3 2 2 2 3 2 1 3 3 2 2 2 2 2 2 1 2 2 2 3 5 6 6 5 6 5 6 6 5 5 6 6 6 4 5 9 8 9 9 9 10 9 13 13 12 13 13 13 13 12 17 
3 2 3 2 99 3 2 2 1 2 2 3 2 3 3 3 3 1 3 3 2 3 2 2 2 1 2 3 2 2 3 5 5 5 6 5 5 5 4 5 5 4 5 4 6 5 9 9 9 9 8 8 8 13 12 12 12 12 13 12 13 17 
3 2 1 2 3 99 2 3 3 4 2 2 3 3 2 3 2 2 1 4 2 1 3 2 3 3 3 2 2 1 1 5 5 4 5 4 4 4 5 5 5 5 5 5 4 5 8 8 8 9 8 8 9 12 12 12 12 12 13 12 12 17 
1 2 3 2 2 2 99 3 2 2 3 2 3 1 2 3 2 1 2 3 2 1 2 2 2 3 1 2 2 2 3 5 6 5 5 4 6 5 5 5 5 4 5 4 6 5 9 9 9 9 8 8 9 13 12 13 12 12 13 12 13 17 
4 3 3 3 2 3 3 99 1 2 2 2 2 3 3 1 2 2 2 3 3 3 2 3 3 2 2 3 2 3 4 5 5 4 6 5 5 5 4 4 5 5 5 6 5 5 8 8 8 9 8 8 8 12 12 12 12 12 13 12 12 17 
3 3 2 2 1 3 2 1 99 1 2 3 1 2 2 2 3 1 3 2 3 3 2 2 2 2 2 3 1 2 3 5 5 5 6 5 4 5 5 4 5 5 5 5 5 5 8 9 8 9 9 9 9 12 12 13 12 12 13 13 13 17 
3 2 3 2 2 4 2 2 1 99 3 2 1 2 3 2 2 2 3 3 3 3 2 2 3 2 1 3 2 3 4 5 5 5 6 4 4 4 5 5 5 4 5 4 5 5 8 9 8 9 8 8 9 12 12 13 12 12 13 12 13 17 
4 2 1 3 2 2 3 2 2 3 99 2 3 3 4 3 2 3 1 4 2 2 4 3 3 3 4 2 3 3 3 5 5 5 5 5 6 5 4 6 6 4 5 5 6 5 9 9 9 9 9 8 8 13 13 12 13 12 14 12 13 17 
3 2 1 3 3 2 2 2 3 2 2 99 3 2 3 1 1 2 2 4 1 2 2 3 1 3 2 1 2 1 3 5 5 5 5 5 5 5 4 5 4 5 5 4 4 5 8 8 9 9 8 8 8 12 12 12 12 12 13 12 12 17 
3 3 2 2 2 3 3 2 1 1 3 3 99 3 3 3 3 2 2 3 3 3 2 3 3 3 2 3 2 3 4 5 5 5 5 5 5 5 4 5 4 4 5 5 4 6 8 8 9 9 8 8 8 12 12 12 12 12 13 12 12 17 
1 2 2 2 3 3 1 3 2 2 3 2 3 99 2 3 2 2 3 4 2 2 2 2 1 3 2 1 1 2 3 4 5 4 4 5 5 5 5 4 5 5 4 5 5 5 8 8 8 8 8 9 9 12 12 12 12 12 13 13 12 17 
1 3 3 2 3 2 2 3 2 3 4 3 3 2 99 2 2 2 3 2 3 3 1 3 2 2 2 3 1 2 3 6 6 4 4 5 6 6 5 5 6 5 5 6 5 5 8 8 9 10 8 9 9 12 12 12 12 12 13 13 12 17 
3 3 2 3 3 3 3 1 2 2 3 1 3 3 2 99 2 2 3 4 2 3 1 3 2 2 3 2 3 2 4 5 6 5 6 5 5 5 5 5 5 4 4 5 5 5 9 9 9 9 9 8 9 13 13 13 13 12 14 12 13 17 
3 2 2 2 3 2 2 2 3 2 2 1 3 2 2 2 99 3 1 3 2 1 3 3 2 2 3 2 3 2 3 5 6 5 5 5 6 5 5 6 5 4 5 4 5 5 9 9 10 9 8 8 9 13 12 13 12 12 13 12 13 17 
2 2 3 1 1 2 1 2 1 2 3 2 2 2 2 2 3 99 3 2 2 2 1 3 1 2 2 3 2 1 3 6 6 5 5 5 5 5 5 5 5 5 5 5 5 5 9 9 9 10 9 9 9 13 13 13 13 13 14 13 13 18 
3 2 2 3 3 1 2 2 3 3 1 2 2 3 3 3 1 3 99 4 2 1 4 2 3 3 3 3 3 2 2 4 6 5 4 5 5 5 5 5 5 5 6 5 5 6 8 9 9 8 9 9 9 12 12 12 12 12 13 13 12 17 
3 3 4 3 3 4 3 3 2 3 4 4 3 4 2 4 3 2 4 99 3 4 3 3 3 3 2 4 3 3 5 5 5 4 6 5 6 5 5 4 4 5 4 6 5 5 8 8 8 9 8 9 8 12 12 12 12 12 13 12 12 17 
3 2 1 2 2 2 2 3 3 3 2 1 3 2 3 2 2 2 2 3 99 1 3 3 2 3 3 1 2 1 3 5 5 5 4 5 6 5 5 6 5 6 5 5 5 5 8 9 9 9 9 9 9 12 12 13 12 12 13 13 13 17 
2 1 2 2 3 1 1 3 3 3 2 2 3 2 3 3 1 2 1 4 1 99 3 2 3 2 2 2 2 1 2 4 6 5 5 4 5 4 5 5 5 5 5 5 5 5 9 9 9 8 9 8 9 13 13 12 12 12 14 12 12 17 
2 2 3 2 2 3 2 2 2 2 4 2 2 2 1 1 3 1 4 3 3 3 99 4 1 1 3 3 2 2 3 6 6 5 5 4 5 5 5 5 5 5 4 5 5 4 8 8 9 9 8 8 8 12 12 12 12 12 13 12 12 17 
3 2 3 2 2 2 2 3 2 2 3 3 3 2 3 3 3 3 2 3 3 2 4 99 3 3 1 3 3 3 2 5 6 5 6 5 6 5 6 4 6 4 5 6 5 5 8 9 8 9 9 8 9 12 12 13 12 12 13 12 13 17 
2 3 2 2 2 3 2 3 2 3 3 1 3 1 2 2 2 1 3 3 2 3 1 3 99 2 3 2 2 2 4 5 6 5 4 5 5 5 5 5 5 4 5 5 5 4 8 8 9 9 8 8 8 12 12 12 12 12 13 12 12 17 
3 1 2 2 1 3 3 2 2 2 3 3 3 3 2 2 2 2 3 3 3 2 1 3 2 99 3 2 3 2 2 5 5 6 5 4 4 5 5 5 4 5 5 5 5 4 8 8 8 9 8 8 8 12 12 12 12 12 13 12 12 17 
2 2 3 1 2 3 1 2 2 1 4 2 2 2 2 3 3 2 3 2 3 2 3 1 3 3 99 3 3 3 3 6 6 5 6 5 5 5 6 5 6 5 6 5 5 6 9 9 9 10 9 9 10 13 13 13 13 13 14 13 13 18 
2 1 1 2 3 2 2 3 3 3 2 1 3 1 3 2 2 3 3 4 1 2 3 3 2 2 3 99 2 2 3 5 6 4 5 5 6 5 5 5 5 5 5 5 5 5 9 8 9 9 8 9 9 13 12 12 12 13 13 13 12 17 
2 2 3 2 2 2 2 2 1 2 3 2 2 1 1 3 3 2 3 3 2 2 2 3 2 3 3 2 99 1 3 5 5 4 5 5 5 5 4 5 5 4 4 5 6 4 8 8 9 9 8 8 8 12 12 12 12 12 13 12 12 17 
3 2 2 2 2 1 2 3 2 3 3 1 3 2 2 2 2 1 2 3 1 1 2 3 2 2 3 2 1 99 2 5 6 5 5 4 5 5 5 6 4 5 4 4 5 5 8 9 9 9 8 8 8 12 12 12 12 12 13 12 13 17 
2 2 2 3 3 1 3 4 3 4 3 3 4 3 3 4 3 3 2 5 3 2 3 2 4 2 3 3 3 2 99 5 6 5 6 5 5 4 5 5 6 5 6 6 4 6 9 8 9 9 9 9 9 13 13 12 13 13 13 13 12 17 
5 5 6 5 5 5 5 5 5 5 5 5 5 4 6 5 5 6 4 5 5 4 6 5 5 5 6 5 5 5 5 99 2 2 4 3 1 2 3 1 3 3 3 3 1 2 5 5 5 4 6 5 5 9 9 8 8 9 10 9 8 13 
6 6 6 6 5 5 6 5 5 5 5 5 5 5 6 6 6 6 6 5 5 6 6 6 6 5 6 6 5 6 6 2 99 2 3 2 1 2 1 3 3 2 3 3 2 2 5 5 5 6 6 5 5 9 9 9 9 9 10 9 9 14 
5 5 5 6 5 4 5 4 5 5 5 5 5 4 4 5 5 5 5 4 5 5 5 5 5 6 5 4 4 5 5 2 2 99 3 2 3 2 1 1 2 1 2 3 2 2 5 4 5 6 4 5 5 9 8 8 8 9 9 9 8 13 
5 4 5 5 6 5 5 6 6 6 5 5 5 4 4 6 5 5 4 6 4 5 5 6 4 5 6 5 5 5 6 4 3 3 99 3 3 4 2 4 2 3 3 4 3 4 4 5 5 7 6 6 5 8 8 9 8 8 9 9 9 13 
5 5 4 6 5 4 4 5 5 4 5 5 5 5 5 5 5 5 5 5 5 4 4 5 5 4 5 5 5 4 5 3 2 2 3 99 3 1 1 2 3 1 2 3 3 2 6 6 6 5 5 4 5 10 9 9 9 8 10 8 9 13 
6 5 5 5 5 4 6 5 4 4 6 5 5 5 6 5 6 5 5 6 6 5 5 6 5 4 5 6 5 5 5 1 1 3 3 3 99 3 2 2 2 3 3 4 1 3 4 5 4 5 6 5 5 8 8 9 8 8 9 9 9 13 
6 5 5 6 5 4 5 5 5 4 5 5 5 5 6 5 5 5 5 5 5 4 5 5 5 5 5 5 5 5 4 2 2 2 4 1 3 99 2 1 2 1 2 3 2 2 5 6 5 6 6 5 6 9 9 10 9 9 10 9 10 14 
6 5 5 6 4 5 5 4 5 5 4 4 4 5 5 5 5 5 5 5 5 5 5 6 5 5 6 5 4 5 5 3 1 1 2 1 2 2 99 2 3 2 3 4 3 3 5 5 5 5 5 4 4 9 9 8 9 8 10 8 9 13 
5 5 5 5 5 5 5 4 4 5 6 5 5 4 5 5 6 5 5 4 6 5 5 4 5 5 5 5 5 6 5 1 3 1 4 2 2 1 2 99 3 2 2 2 1 1 4 5 4 5 5 6 5 8 8 9 8 8 9 9 9 13 
6 4 5 5 5 5 5 5 5 5 6 4 4 5 6 5 5 5 5 4 5 5 5 6 5 4 6 5 5 4 6 3 3 2 2 3 2 2 3 3 99 2 1 2 3 2 4 5 5 6 4 6 4 8 8 8 8 8 9 8 9 13 
5 6 5 6 4 5 4 5 5 4 4 5 4 5 5 4 4 5 5 5 6 5 5 4 4 5 5 5 4 5 5 3 2 1 3 1 3 1 2 2 2 99 1 2 3 2 6 5 6 5 5 4 6 10 9 9 9 8 10 8 9 13 
5 5 5 6 5 5 5 5 5 5 5 5 5 4 5 4 5 5 6 4 5 5 4 5 5 5 6 5 4 4 6 3 3 2 3 2 3 2 3 2 1 1 99 2 3 1 5 5 6 6 5 5 5 9 9 9 9 9 10 9 9 14 
5 5 4 6 4 5 4 6 5 4 5 4 5 5 6 5 4 5 5 6 5 5 5 6 5 5 5 5 5 4 6 3 3 3 4 3 4 3 4 2 2 2 2 99 3 1 5 5 6 6 4 4 5 9 8 9 8 8 9 8 9 13 
5 5 5 4 6 4 6 5 5 5 6 4 4 5 5 5 5 5 5 5 5 5 5 5 5 5 5 5 6 5 4 1 2 2 3 3 1 2 3 1 3 3 3 3 99 2 5 4 5 5 6 6 6 9 9 8 9 9 9 10 8 13 
6 4 4 5 5 5 5 5 5 5 5 5 6 5 5 5 5 5 6 5 5 5 4 5 4 4 6 5 4 5 6 2 2 2 4 2 3 2 3 1 2 2 1 1 2 99 4 4 5 6 4 5 4 8 8 8 8 8 9 8 8 13 
9 8 8 9 9 8 9 8 8 8 9 8 8 8 8 9 9 9 8 8 8 9 8 8 8 8 9 9 8 8 9 5 5 5 4 6 4 5 5 4 4 6 5 5 5 4 99 1 5 4 2 2 4 4 4 5 4 4 5 6 5 9 
9 8 8 8 9 8 9 8 9 9 9 8 8 8 8 9 9 9 9 8 9 9 8 9 8 8 9 8 8 9 8 5 5 4 5 6 5 6 5 5 5 5 5 5 4 4 1 99 6 5 3 3 5 5 5 4 5 5 5 6 4 9 
9 9 9 9 9 8 9 8 8 8 9 9 9 8 9 9 10 9 9 8 9 9 9 8 9 8 9 9 9 9 9 5 5 5 5 6 4 5 5 4 5 6 6 6 5 5 5 6 99 6 5 3 1 4 6 5 6 5 7 5 6 10 
9 9 9 9 9 9 9 9 9 9 9 9 9 8 10 9 9 10 8 9 9 8 9 9 9 9 10 9 9 9 9 4 6 6 7 5 5 6 5 5 6 5 6 6 5 6 4 5 6 99 2 3 5 7 5 4 4 6 6 6 4 9 
9 8 8 9 8 8 8 8 9 8 9 8 8 8 8 9 8 9 9 8 9 9 8 9 8 8 9 8 8 8 9 6 6 4 6 5 6 6 5 5 4 5 5 4 6 4 2 3 5 2 99 2 4 5 4 5 4 6 5 5 5 10 
9 9 8 10 8 8 8 8 9 8 8 8 8 9 9 8 8 9 9 9 9 8 8 8 8 8 9 9 8 8 9 5 5 5 6 4 5 5 4 6 6 4 5 4 6 5 2 3 3 3 2 99 2 6 6 6 6 4 7 4 6 9 
10 8 8 9 8 9 9 8 9 9 8 8 8 9 9 9 9 9 9 8 9 9 8 9 8 8 10 9 8 8 9 5 5 5 5 5 5 6 4 5 4 6 5 5 6 4 4 5 1 5 4 2 99 5 5 4 5 4 6 4 6 9 
13 12 12 13 13 12 13 12 12 12 13 12 12 12 12 13 13 13 12 12 12 13 12 12 12 12 13 13 12 12 13 9 9 9 8 10 8 9 9 8 8 10 9 9 9 8 4 5 4 7 5 6 5 99 3 3 3 3 4 5 4 8 
13 12 12 13 12 12 12 12 12 12 13 12 12 12 12 13 12 13 12 12 12 13 12 12 12 12 13 12 12 12 13 9 9 8 8 9 8 9 9 8 8 9 9 8 9 8 4 5 6 5 4 6 5 3 99 1 2 3 1 4 3 8 
13 12 12 12 12 12 13 12 13 13 12 12 12 12 12 13 13 13 12 12 13 12 12 13 12 12 13 12 12 12 12 8 9 8 9 9 9 10 8 9 8 9 9 9 8 8 5 4 5 4 5 6 4 3 1 99 3 4 2 3 3 7 
13 12 12 13 12 12 12 12 12 12 13 12 12 12 12 13 12 13 12 12 12 12 12 12 12 12 13 12 12 12 13 8 9 8 8 9 8 9 9 8 8 9 9 8 9 8 4 5 6 4 4 6 5 3 2 3 99 2 3 3 1 6 
13 12 12 13 12 12 12 12 12 12 12 12 12 12 12 12 12 13 12 12 12 12 12 12 12 12 13 13 12 12 13 9 9 9 8 8 8 9 8 8 8 8 9 8 9 8 4 5 5 6 6 4 4 3 3 4 2 99 4 2 3 5 
14 13 13 13 13 13 13 13 13 13 14 13 13 13 13 14 13 14 13 13 13 14 13 13 13 13 14 13 13 13 13 10 10 9 9 10 9 10 10 9 9 10 10 9 9 9 5 5 7 6 5 7 6 4 1 2 3 4 99 5 4 9 
13 12 12 13 12 12 12 12 13 12 12 12 12 13 13 12 12 13 13 12 13 12 12 12 12 12 13 13 12 12 13 9 9 9 9 8 9 9 8 9 8 8 9 8 10 8 6 6 5 6 5 4 4 5 4 3 3 2 5 99 2 7 
13 12 12 12 13 12 13 12 13 13 13 12 12 12 12 13 13 13 12 12 13 12 12 13 12 12 13 12 12 13 12 8 9 8 9 9 9 10 9 9 9 9 9 9 8 8 5 4 6 4 5 6 6 4 3 3 1 3 4 2 99 5 
18 17 17 17 17 17 17 17 17 17 17 17 17 17 17 17 17 18 17 17 17 17 17 17 17 17 18 17 17 17 17 13 14 13 13 13 13 14 13 13 13 13 14 13 13 13 9 9 10 9 10 9 9 8 8 7 6 5 9 7 5 99 