99 5 5 5 4 2 3 5 6 3 5 7 9 8 7 7 13 12 12 11 13 17 
5 99 1 3 2 3 2 1 1 3 2 4 5 6 6 5 10 10 9 8 10 15 
5 1 99 4 2 4 3 2 2 2 3 5 6 7 6 6 11 11 10 9 11 16 
5 3 4 99 5 3 5 4 2 6 3 4 6 4 6 5 11 10 9 8 9 15 
4 2 2 5 99 5 2 3 3 1 4 6 6 5 5 7 11 10 11 10 10 15 
2 3 4 3 5 99 5 4 4 5 5 5 7 6 5 5 11 10 10 9 11 15 
3 2 3 5 2 5 99 2 3 1 2 6 6 5 5 7 11 10 11 10 10 15 
5 1 2 4 3 4 2 99 2 3 3 5 6 7 5 6 11 10 10 9 11 15 
6 1 2 2 3 4 3 2 99 4 3 5 4 6 7 6 9 11 10 9 9 16 
3 3 2 6 1 5 1 3 4 99 3 7 6 5 4 6 11 9 11 10 10 14 
5 2 3 3 4 5 2 3 3 3 99 6 6 4 7 6 11 10 10 9 9 15 
7 4 5 4 6 5 6 5 5 7 6 99 9 8 10 9 7 6 5 4 13 11 
9 5 6 6 6 7 6 6 4 6 6 9 99 2 3 2 5 8 8 7 5 12 
8 6 7 4 5 6 5 7 6 5 4 8 2 99 5 4 7 6 6 5 5 11 
7 6 6 6 5 5 5 5 7 4 7 10 3 5 99 2 8 5 9 8 8 10 
7 5 6 5 7 5 7 6 6 6 6 9 2 4 2 99 6 6 10 9 7 11 
13 10 11 11 11 11 11 11 9 11 11 7 5 7 8 6 99 6 4 3 10 7 
12 10 11 10 10 10 10 10 11 9 10 6 8 6 5 6 6 99 4 3 11 5 
12 9 10 9 11 10 11 10 10 11 10 5 8 6 9 10 4 4 99 1 11 9 
11 8 9 8 10 9 10 9 9 10 9 4 7 5 8 9 3 3 1 99 10 8 
13 10 11 9 10 11 10 11 9 10 9 13 5 5 8 7 10 11 11 10 99 9 
17 15 16 15 15 15 15 15 16 14 15 11 12 11 10 11 7 5 9 8 9 99 