99 3 3 2 3 3 2 2 4 2 3 3 3 1 3 4 6 5 6 6 6 6 5 10 9 10 9 9 9 9 9 14 
3 99 4 4 3 3 3 1 1 3 2 1 2 4 2 2 5 5 5 5 5 4 6 9 9 9 8 8 9 9 9 14 
3 4 99 4 2 2 3 3 5 1 2 4 3 2 3 3 4 5 5 5 5 6 5 9 9 10 9 9 9 9 8 13 
2 4 4 99 3 3 1 3 4 3 4 4 2 2 3 3 4 5 5 4 5 6 6 9 9 10 9 9 9 9 8 13 
3 3 2 3 99 2 4 2 4 3 3 3 1 4 2 5 5 5 5 5 5 6 5 9 9 10 9 9 9 9 9 14 
3 3 2 3 2 99 3 2 3 3 3 3 1 2 1 4 5 4 5 5 4 4 5 9 8 9 8 8 8 8 9 14 
2 3 3 1 4 3 99 4 3 2 3 4 3 1 3 2 4 5 4 4 4 6 5 8 9 9 8 8 9 9 8 13 
2 1 3 3 2 2 4 99 2 2 3 1 1 3 1 3 5 4 5 5 6 4 5 9 8 9 8 8 8 8 9 14 
4 1 5 4 4 3 3 2 99 4 3 2 3 4 2 3 6 6 6 4 6 5 6 10 10 10 9 9 10 10 9 14 
2 3 1 3 3 3 2 2 4 99 1 3 3 1 3 2 5 5 6 5 6 5 5 10 9 10 9 9 9 9 9 14 
3 2 2 4 3 3 3 3 3 1 99 3 3 2 2 3 6 5 6 6 7 5 5 10 9 10 9 9 9 9 9 14 
3 1 4 4 3 3 4 1 2 3 3 99 2 3 2 3 4 5 4 6 6 5 5 8 9 9 9 8 9 9 8 13 
3 2 3 2 1 1 3 1 3 3 3 2 99 3 1 4 5 5 4 4 5 5 5 8 9 9 9 8 9 9 9 14 
1 4 2 2 4 2 1 3 4 1 2 3 3 99 3 3 5 4 5 5 5 5 4 9 8 9 8 8 8 8 8 13 
3 2 3 3 2 1 3 1 2 3 2 2 1 3 99 3 4 5 5 5 5 5 6 9 9 10 9 9 9 9 8 13 
4 2 3 3 5 4 2 3 3 2 3 3 4 3 3 99 4 4 6 6 4 5 5 10 8 9 8 8 8 8 8 13 
6 5 4 4 5 5 4 5 6 5 6 4 5 5 4 4 99 1 3 5 2 2 2 7 5 6 6 5 5 5 4 9 
5 5 5 5 5 4 5 4 6 5 5 5 5 4 5 4 1 99 3 4 3 1 2 6 4 5 5 4 4 4 5 10 
6 5 5 5 5 5 4 5 6 6 6 4 4 5 5 6 3 3 99 7 3 4 1 4 5 5 5 4 5 7 5 10 
6 5 5 4 5 5 4 5 4 5 6 6 4 5 5 6 5 4 7 99 7 3 6 8 6 7 7 7 8 7 5 10 
6 5 5 5 5 4 4 6 6 6 7 6 5 5 5 4 2 3 3 7 99 4 2 7 5 5 4 6 7 7 6 11 
6 4 6 6 6 4 6 4 5 5 5 5 5 5 5 5 2 1 4 3 4 99 3 6 5 5 4 4 5 5 6 11 
5 6 5 6 5 5 5 5 6 5 5 5 5 4 6 5 2 2 1 6 2 3 99 5 4 5 4 5 6 6 4 9 
10 9 9 9 9 9 8 9 10 10 10 8 8 9 9 10 7 6 4 8 7 6 5 99 2 4 3 4 3 5 3 6 
9 9 9 9 9 8 9 8 10 9 9 9 9 8 9 8 5 4 5 6 5 5 4 2 99 2 1 3 4 3 1 6 
10 9 10 10 10 9 9 9 10 10 10 9 9 9 10 9 6 5 5 7 5 5 5 4 2 99 1 1 2 2 2 6 
9 8 9 9 9 8 8 8 9 9 9 9 9 8 9 8 6 5 5 7 4 4 4 3 1 1 99 2 3 3 2 7 
9 8 9 9 9 8 8 8 9 9 9 8 8 8 9 8 5 4 4 7 6 4 5 4 3 1 2 99 1 3 3 7 
9 9 9 9 9 8 9 8 10 9 9 9 9 8 9 8 5 4 5 8 7 5 6 3 4 2 3 1 99 4 4 8 
9 9 9 9 9 8 9 8 10 9 9 9 9 8 9 8 5 4 7 7 7 5 6 5 3 2 3 3 4 99 2 7 
9 9 8 8 9 9 8 9 9 9 9 8 9 8 8 8 4 5 5 5 6 6 4 3 1 2 2 3 4 2 99 5 
14 14 13 13 14 14 13 14 14 14 14 13 14 13 13 13 9 10 10 10 11 11 9 6 6 6 7 7 8 7 5 99 