99 2 5 1 4 3 3 2 3 3 3 1 2 3 2 3 3 2 2 3 1 6 6 6 5 5 6 5 6 5 5 9 9 9 9 9 9 10 9 9 9 14 
2 99 4 3 4 3 3 2 3 3 3 3 4 1 3 3 2 2 3 2 3 5 5 4 6 5 6 5 5 4 6 9 9 8 8 8 9 9 8 9 9 13 
5 4 99 4 1 2 3 4 2 3 3 5 4 3 3 4 3 4 4 3 5 6 6 5 4 6 5 5 5 6 5 9 9 9 10 10 8 9 9 9 9 14 
1 3 4 99 4 2 3 1 3 3 2 2 3 2 3 2 3 3 2 4 2 5 5 6 5 5 5 4 5 4 4 8 8 8 8 8 9 9 8 8 8 13 
4 4 1 4 99 2 3 4 1 3 2 4 3 4 2 4 3 4 3 2 4 5 5 4 5 5 6 6 5 6 4 10 8 9 9 9 9 9 9 8 8 13 
3 3 2 2 2 99 1 3 1 1 1 3 2 3 1 2 1 2 2 2 3 4 6 5 5 5 5 4 5 4 5 8 8 8 8 8 9 8 8 9 9 13 
3 3 3 3 3 1 99 3 2 1 2 2 1 3 2 3 2 2 2 1 2 4 5 5 5 4 5 5 5 4 4 9 8 8 8 8 9 8 8 8 8 13 
2 2 4 1 4 3 3 99 3 2 2 3 2 1 3 3 3 2 1 4 3 6 6 6 5 5 4 5 5 4 5 9 9 8 8 8 9 10 8 9 9 13 
3 3 2 3 1 1 2 3 99 2 1 3 2 4 1 3 2 3 2 1 3 5 5 4 5 5 5 5 4 5 4 9 8 8 9 9 9 9 9 8 8 13 
3 3 3 3 3 1 1 2 2 99 1 2 2 2 2 3 2 1 1 2 2 5 5 6 5 5 6 5 6 5 5 9 9 9 9 9 9 9 9 9 9 14 
3 3 3 2 2 1 2 2 1 1 99 2 2 3 2 3 1 2 1 2 2 4 5 5 6 4 5 5 5 4 5 9 9 8 8 8 9 8 8 9 9 13 
1 3 5 2 4 3 2 3 3 2 2 99 1 4 2 4 3 3 2 3 2 5 7 5 6 6 6 5 5 5 6 9 9 9 9 9 10 9 9 10 9 14 
2 4 4 3 3 2 1 2 2 2 2 1 99 3 1 4 3 3 1 2 3 4 6 5 5 5 5 4 4 4 5 8 8 8 8 8 9 8 8 9 8 13 
3 1 3 2 4 3 3 1 4 2 3 4 3 99 3 2 2 1 2 3 2 5 5 5 5 6 5 4 4 5 5 8 8 8 9 9 9 9 8 9 8 14 
2 3 3 3 2 1 2 3 1 2 2 2 1 3 99 3 2 3 2 1 3 5 6 5 4 5 4 5 5 4 5 9 9 8 8 8 8 9 8 9 9 13 
3 3 4 2 4 2 3 3 3 3 3 4 4 2 3 99 3 3 4 4 3 5 4 6 5 6 5 4 4 5 5 8 8 8 9 9 8 9 8 9 8 14 
3 2 3 3 3 1 2 3 2 2 1 3 3 2 2 3 99 1 2 3 2 5 6 6 5 5 6 5 5 5 5 9 9 9 9 9 9 9 9 9 9 14 
2 2 4 3 4 2 2 2 3 1 2 3 3 1 3 3 1 99 2 3 1 6 5 5 5 5 6 5 5 6 4 9 8 9 9 9 9 9 9 8 8 13 
2 3 4 2 3 2 2 1 2 1 1 2 1 2 2 4 2 2 99 3 2 5 6 6 5 5 5 5 5 5 6 9 9 9 9 9 9 9 9 10 9 14 
3 2 3 4 2 2 1 4 1 2 2 3 2 3 1 4 3 3 3 99 2 5 5 5 4 5 5 4 5 5 4 8 8 9 9 9 8 9 8 8 8 13 
1 3 5 2 4 3 2 3 3 2 2 2 3 2 3 3 2 1 2 2 99 6 6 6 4 4 5 5 6 6 5 9 9 8 9 8 8 9 9 9 9 13 
6 5 6 5 5 4 4 6 5 5 4 5 4 5 5 5 5 6 5 5 6 99 2 1 2 3 2 1 2 3 3 5 5 6 7 7 5 4 5 6 5 11 
6 5 6 5 5 6 5 6 5 5 5 7 6 5 6 4 6 5 6 5 6 2 99 3 4 3 3 3 3 2 1 6 5 6 6 6 4 5 5 5 5 10 
6 4 5 6 4 5 5 6 4 6 5 5 5 5 5 6 6 5 6 5 6 1 3 99 2 4 3 2 3 4 2 6 6 7 7 7 6 5 5 6 6 11 
5 6 4 5 5 5 5 5 5 5 6 6 5 5 4 5 5 5 5 4 4 2 4 2 99 2 1 1 4 5 4 5 5 6 6 6 4 5 5 6 6 11 
5 5 6 5 5 5 4 5 5 5 4 6 5 6 5 6 5 5 5 5 4 3 3 4 2 99 1 2 5 5 4 6 5 4 5 4 6 6 6 6 5 9 
6 6 5 5 6 5 5 4 5 6 5 6 5 5 4 5 6 6 5 5 5 2 3 3 1 1 99 1 4 5 4 5 5 5 5 5 5 6 5 5 6 10 
5 5 5 4 6 4 5 5 5 5 5 5 4 4 5 4 5 5 5 4 5 1 3 2 1 2 1 99 3 4 3 4 4 6 6 6 5 5 4 6 5 11 
6 5 5 5 5 5 5 5 4 6 5 5 4 4 5 4 5 5 5 5 6 2 3 3 4 5 4 3 99 5 4 6 5 4 6 8 6 5 5 6 4 11 
5 4 6 4 6 4 4 4 5 5 4 5 4 5 4 5 5 6 5 5 6 3 2 4 5 5 5 4 5 99 3 5 6 4 4 4 5 6 4 5 5 9 
5 6 5 4 4 5 4 5 4 5 5 6 5 5 5 5 5 4 6 4 5 3 1 2 4 4 4 3 4 3 99 6 4 6 5 5 5 5 5 4 4 9 
9 9 9 8 10 8 9 9 9 9 9 9 8 8 9 8 9 9 9 8 9 5 6 6 5 6 5 4 6 5 6 99 3 2 3 2 2 3 1 3 2 7 
9 9 9 8 8 8 8 9 8 9 9 9 8 8 9 8 9 8 9 8 9 5 5 6 5 5 5 4 5 6 4 3 99 5 2 3 3 2 2 3 1 8 
9 8 9 8 9 8 8 8 8 9 8 9 8 8 8 8 9 9 9 9 8 6 6 7 6 4 5 6 4 4 6 2 5 99 3 4 3 4 3 2 4 7 
9 8 10 8 9 8 8 8 9 9 8 9 8 9 8 9 9 9 9 9 9 7 6 7 6 5 5 6 6 4 5 3 2 3 99 2 4 3 3 1 3 6 
9 8 10 8 9 8 8 8 9 9 8 9 8 9 8 9 9 9 9 9 8 7 6 7 6 4 5 6 8 4 5 2 3 4 2 99 4 5 3 3 4 5 
9 9 8 9 9 9 9 9 9 9 9 10 9 9 8 8 9 9 9 8 8 5 4 6 4 6 5 5 6 5 5 2 3 3 4 4 99 3 1 5 2 9 
10 9 9 9 9 8 8 10 9 9 8 9 8 9 9 9 9 9 9 9 9 4 5 5 5 6 6 5 5 6 5 3 2 4 3 5 3 99 2 2 1 7 
9 8 9 8 9 8 8 8 9 9 8 9 8 8 8 8 9 9 9 8 9 5 5 5 5 6 5 4 5 4 5 1 2 3 3 3 1 2 99 4 1 8 
9 9 9 8 8 9 8 9 8 9 9 10 9 9 9 9 9 8 10 8 9 6 5 6 6 6 5 6 6 5 4 3 3 2 1 3 5 2 4 99 3 5 
9 9 9 8 8 9 8 9 8 9 9 9 8 8 9 8 9 8 9 8 9 5 5 6 6 5 6 5 4 5 4 2 1 4 3 4 2 1 1 3 99 8 
14 13 14 13 13 13 13 13 13 14 13 14 13 14 13 14 14 13 14 13 13 11 10 11 11 9 10 11 11 9 9 7 8 7 6 5 9 7 8 5 8 99 